0.926598
0.829509
0.783563
0.762907
0.753495
0.749044
0.746852
0.745730
0.745136
0.744811
0.744627
0.744518
0.744448
0.744397
0.744352
0.744303
0.744246
0.744175
0.744084
0.743969
0.743826
0.743648
0.743432
0.743170
0.742856
0.742483
0.742042
0.741524
0.740918
0.740212
0.739392
0.738442
0.737345
0.736080
0.734623
0.732948
0.731024
0.728816
0.726285
0.723386
0.720069
0.716277
0.711947
0.707012
0.701396
0.695025
0.687819
0.679702
0.670606
0.660475
0.649271
0.636987
0.623649
0.609324
0.594127
0.578217
0.561798
0.545103
0.528382
0.511882
0.495827
0.480407
0.465759
0.451973
0.439086
0.427093
0.415949
0.405579
0.395880
0.386730
0.377982
0.369476
0.361038
0.352511
0.343780
0.334811
0.325646
0.316364
0.307045
0.297750
0.288519
0.279378
0.270341
0.261422
0.252640
0.244022
0.235607
0.227436
0.219547
0.211970
0.204721
0.197803
0.191210
0.184930
0.178948
0.173247
0.167810
0.162623
0.157671
0.152940
0.140830
0.138766
0.136812
0.134917
0.133075
0.131281
0.129530
0.127819
0.126146
0.124509
0.122906
0.121336
0.119798
0.118289
0.116810
0.115359
0.113935
0.112538
0.111167
0.109821
0.108500
0.107203
0.105929
0.104678
0.103449
0.102241
0.101055
0.099890
0.098745
0.097619
0.096513
0.095426
0.094358
0.093307
0.092274
0.091259
0.090260
0.089278
0.088312
0.087362
0.086428
0.085509
0.084605
0.083715
0.082840
0.081978
0.081131
0.080296
0.079475
0.078667
0.077872
0.077088
0.076317
0.075558
0.074811
0.074075
0.073350
0.072636
0.071933
0.071240
0.070558
0.069886
0.069224
0.068572
0.067929
0.067296
0.066672
0.066057
0.065451
0.064853
0.064264
0.063684
0.063112
0.062548
0.061991
0.061443
0.060902
0.060369
0.059843
0.059325
0.058813
0.058309
0.057811
0.057320
0.056836
0.056359
0.055887
0.055422
0.054963
0.054511
0.054064
0.053623
0.053188
0.052758
0.052334
0.051916
0.051503
0.051095
0.050692
0.050295
0.049256
0.049068
0.048881
0.048695
0.048511
0.048327
0.048145
0.047964
0.047784
0.047605
0.047428
0.047251
0.047076
0.046901
0.046728
0.046555
0.046384
0.046214
0.046045
0.045876
0.045709
0.045543
0.045378
0.045214
0.045050
0.044888
0.044727
0.044566
0.044407
0.044248
0.044091
0.043934
0.043778
0.043624
0.043470
0.043317
0.043164
0.043013
0.042863
0.042713
0.042565
0.042417
0.042270
0.042123
0.041978
0.041834
0.041690
0.041547
0.041405
0.041264
0.041123
0.040983
0.040844
0.040706
0.040569
0.040432
0.040296
0.040161
0.040027
0.039893
0.039760
0.039628
0.039497
0.039366
0.039236
0.039107
0.038978
0.038850
0.038723
0.038596
0.038471
0.038345
0.038221
0.038097
0.037974
0.037851
0.037730
0.037608
0.037488
0.037368
0.037249
0.037130
0.037012
0.036895
0.036778
0.036662
0.036546
0.036431
0.036317
0.036203
0.036090
0.035977
0.035865
0.035754
0.035643
0.035533
0.035423
0.035314
0.035205
0.035097
0.034816
0.034763
0.034711
0.034658
0.034606
0.034553
0.034501
0.034449
0.034397
0.034346
0.034294
0.034243
0.034191
0.034140
0.034089
0.034038
0.033987
0.033936
0.033886
0.033835
0.033785
0.033735
0.033685
0.033635
0.033585
0.033535
0.033486
0.033436
0.033387
0.033338
0.033289
0.033240
0.033191
0.033142
0.033093
0.033045
0.032997
0.032948
0.032900
0.032852
0.032804
0.032756
0.032709
0.032661
0.032614
0.032566
0.032519
0.032472
0.032425
0.032378
0.032332
0.032285
0.032238
0.032192
0.032146
0.032100
0.032054
0.032008
0.031962
0.031916
0.031870
0.031825
0.031779
0.031734
0.031689
0.031644
0.031599
0.031554
0.031509
0.031465
0.031420
0.031376
0.031331
0.031287
0.031243
0.031199
0.031155
0.031111
0.031067
0.031024
0.030980
0.030937
0.030894
0.030850
0.030807
0.030764
0.030721
0.030679
0.030636
0.030593
0.030551
0.030508
0.030466
0.030424
0.030382
0.030340
0.030298
0.030256
0.030214
0.030173
0.031093
0.030734
0.030383
0.030038
0.029700
0.029369
0.029044
0.028725
0.028412
0.028104
0.027802
0.027506
0.027215
0.026929
0.026648
0.026373
0.026102
0.025836
0.025574
0.025317
0.025065
0.024816
0.024572
0.024333
0.024097
0.023865
0.023637
0.023413
0.023192
0.022976
0.022762
0.022552
0.022346
0.022142
0.021942
0.021746
0.021552
0.021361
0.021173
0.020988
0.020806
0.020627
0.020450
0.020276
0.020105
0.019936
0.019770
0.019606
0.019445
0.019286
0.019129
0.018974
0.018822
0.018672
0.018524
0.018378
0.018234
0.018092
0.017952
0.017813
0.017677
0.017543
0.017410
0.017280
0.017151
0.017023
0.016898
0.016774
0.016651
0.016530
0.016411
0.016294
0.016177
0.016063
0.015949
0.015838
0.015727
0.015618
0.015510
0.015404
0.015299
0.015195
0.015093
0.014991
0.014891
0.014792
0.014695
0.014598
0.014503
0.014409
0.014315
0.014223
0.014132
0.014042
0.013953
0.013866
0.013779
0.013693
0.013608
0.013524
0.013321
0.013281
0.013241
0.013201
0.013161
0.013122
0.013083
0.013044
0.013005
0.012967
0.012929
0.012891
0.012853
0.012815
0.012778
0.012741
0.012704
0.012667
0.012630
0.012594
0.012557
0.012521
0.012485
0.012450
0.012414
0.012379
0.012344
0.012309
0.012274
0.012239
0.012205
0.012171
0.012137
0.012103
0.012069
0.012035
0.012002
0.011969
0.011936
0.011903
0.011870
0.011838
0.011805
0.011773
0.011741
0.011709
0.011677
0.011646
0.011614
0.011583
0.011552
0.011521
0.011490
0.011459
0.011429
0.011398
0.011368
0.011338
0.011308
0.011278
0.011249
0.011219
0.011190
0.011160
0.011131
0.011102
0.011073
0.011045
0.011016
0.010988
0.010959
0.010931
0.010903
0.010875
0.010848
0.010820
0.010793
0.010765
0.010738
0.010711
0.010684
0.010657
0.010630
0.010603
0.010577
0.010551
0.010524
0.010498
0.010472
0.010446
0.010420
0.010395
0.010369
0.010344
0.010318
0.010293
0.010268
0.010243
0.010218
0.010193
0.010133
0.010121
0.010109
0.010097
0.010085
0.010073
0.010061
0.010049
0.010037
0.010025
0.010013
0.010001
0.009989
0.009977
0.009965
0.009954
0.009942
0.009930
0.009918
0.009907
0.009895
0.009883
0.009872
0.009860
0.009848
0.009837
0.009825
0.009814
0.009802
0.009791
0.009780
0.009768
0.009757
0.009745
0.009734
0.009723
0.009712
0.009700
0.009689
0.009678
0.009667
0.009656
0.009644
0.009633
0.009622
0.009611
0.009600
0.009589
0.009578
0.009567
0.009556
0.009545
0.009534
0.009523
0.009513
0.009502
0.009491
0.009480
0.009469
0.009459
0.009448
0.009437
0.009427
0.009416
0.009405
0.009395
0.009384
0.009373
0.009363
0.009352
0.009342
0.009331
0.009321
0.009311
0.009300
0.009290
0.009279
0.009269
0.009259
0.009248
0.009238
0.009228
0.009218
0.009207
0.009197
0.009187
0.009177
0.009167
0.009156
0.009146
0.009136
0.009126
0.009116
0.009106
0.009096
0.009086
0.009076
0.009066
0.009056
0.009046
0.009022
0.009017
0.009013
0.009008
0.009003
0.008998
0.008993
0.008988
0.008983
0.008978
0.008974
0.008969
0.008964
0.008959
0.008954
0.008949
0.008944
0.008940
0.008935
0.008930
0.008925
0.008920
0.008916
0.008911
0.008906
0.008901
0.008896
0.008892
0.008887
0.008882
0.008877
0.008872
0.008868
0.008863
0.008858
0.008853
0.008849
0.008844
0.008839
0.008835
0.008830
0.008825
0.008820
0.008816
0.008811
0.008806
0.008802
0.008797
0.008792
0.008787
0.008783
0.008778
0.008773
0.008769
0.008764
0.008760
0.008755
0.008750
0.008746
0.008741
0.008736
0.008732
0.008727
0.008722
0.008718
0.008713
0.008709
0.008704
0.008699
0.008695
0.008690
0.008686
0.008681
0.008677
0.008672
0.008667
0.008663
0.008658
0.008654
0.008649
0.008645
0.008640
0.008636
0.008631
0.008626
0.008622
0.008617
0.008613
0.008608
0.008604
0.008599
0.008595
0.008590
0.008586
0.008581
0.008577
0.008573
0.008568
0.008564
0.008559
0.008645
0.008609
0.008572
0.008536
0.008500
0.008465
0.008430
0.008395
0.008360
0.008326
0.008291
0.008258
0.008224
0.008190
0.008157
0.008124
0.008092
0.008059
0.008027
0.007995
0.007964
0.007932
0.007901
0.007870
0.007839
0.007808
0.007778
0.007748
0.007718
0.007688
0.007659
0.007630
0.007601
0.007572
0.007543
0.007515
0.007486
0.007458
0.007430
0.007403
0.007375
0.007348
0.007321
0.007294
0.007267
0.007241
0.007214
0.007188
0.007162
0.007136
0.007111
0.007085
0.007060
0.007035
0.007010
0.006985
0.006960
0.006936
0.006911
0.006887
0.006863
0.006839
0.006815
0.006792
0.006768
0.006745
0.006722
0.006699
0.006676
0.006654
0.006631
0.006609
0.006586
0.006564
0.006542
0.006521
0.006499
0.006477
0.006456
0.006435
0.006413
0.006392
0.006371
0.006351
0.006330
0.006310
0.006289
0.006269
0.006249
0.006229
0.006209
0.006189
0.006169
0.006150
0.006130
0.006111
0.006092
0.006073
0.006054
0.006035
0.005990
0.005981
0.005972
0.005963
0.005953
0.005944
0.005935
0.005926
0.005917
0.005908
0.005899
0.005890
0.005881
0.005872
0.005863
0.005855
0.005846
0.005837
0.005828
0.005819
0.005811
0.005802
0.005793
0.005785
0.005776
0.005767
0.005759
0.005750
0.005742
0.005733
0.005725
0.005716
0.005708
0.005699
0.005691
0.005683
0.005674
0.005666
0.005658
0.005649
0.005641
0.005633
0.005625
0.005616
0.005608
0.005600
0.005592
0.005584
0.005576
0.005568
0.005560
0.005552
0.005544
0.005536
0.005528
0.005520
0.005512
0.005504
0.005496
0.005488
0.005480
0.005473
0.005465
0.005457
0.005449
0.005442
0.005434
0.005426
0.005419
0.005411
0.005403
0.005396
0.005388
0.005381
0.005373
0.005366
0.005358
0.005351
0.005343
0.005336
0.005328
0.005321
0.005314
0.005306
0.005299
0.005291
0.005284
0.005277
0.005270
0.005262
0.005255
0.005248
0.005241
0.005234
0.005226
0.005219
0.005212
0.005205
0.005198
0.005191
0.005174
0.005171
0.005167
0.005164
0.005160
0.005157
0.005153
0.005150
0.005146
0.005143
0.005139
0.005136
0.005132
0.005129
0.005126
0.005122
0.005119
0.005115
0.005112
0.005108
0.005105
0.005102
0.005098
0.005095
0.005091
0.005088
0.005085
0.005081
0.005078
0.005075
0.005071
0.005068
0.005064
0.005061
0.005058
0.005054
0.005051
0.005048
0.005044
0.005041
0.005038
0.005034
0.005031
0.005028
0.005024
0.005021
0.005018
0.005015
0.005011
0.005008
0.005005
0.005001
0.004998
0.004995
0.004992
0.004988
0.004985
0.004982
0.004979
0.004975
0.004972
0.004969
0.004966
0.004962
0.004959
0.004956
0.004953
0.004949
0.004946
0.004943
0.004940
0.004937
0.004933
0.004930
0.004927
0.004924
0.004921
0.004917
0.004914
0.004911
0.004908
0.004905
0.004902
0.004898
0.004895
0.004892
0.004889
0.004886
0.004883
0.004880
0.004876
0.004873
0.004870
0.004867
0.004864
0.004861
0.004858
0.004855
0.004852
0.004848
0.004841
0.004840
0.004838
0.004836
0.004835
0.004833
0.004832
0.004830
0.004829
0.004827
0.004826
0.004824
0.004823
0.004821
0.004820
0.004818
0.004817
0.004815
0.004813
0.004812
0.004810
0.004809
0.004807
0.004806
0.004804
0.004803
0.004801
0.004800
0.004798
0.004797
0.004795
0.004794
0.004792
0.004791
0.004789
0.004788
0.004786
0.004785
0.004783
0.004782
0.004780
0.004779
0.004777
0.004776
0.004774
0.004773
0.004771
0.004770
0.004768
0.004767
0.004765
0.004764
0.004762
0.004761
0.004759
0.004758
0.004756
0.004755
0.004753
0.004752
0.004750
0.004749
0.004747
0.004746
0.004744
0.004743
0.004741
0.004740
0.004738
0.004737
0.004735
0.004734
0.004732
0.004731
0.004730
0.004728
0.004727
0.004725
0.004724
0.004722
0.004721
0.004719
0.004718
0.004716
0.004715
0.004713
0.004712
0.004710
0.004709
0.004708
0.004706
0.004705
0.004703
0.004702
0.004700
0.004699
0.004697
0.004696
0.004694
0.004693
0.004720
0.004708
0.004696
0.004685
0.004673
0.004661
0.004650
0.004638
0.004627
0.004616
0.004604
0.004593
0.004582
0.004571
0.004559
0.004548
0.004537
0.004526
0.004516
0.004505
0.004494
0.004483
0.004472
0.004462
0.004451
0.004441
0.004430
0.004420
0.004409
0.004399
0.004388
0.004378
0.004368
0.004358
0.004348
0.004337
0.004327
0.004317
0.004307
0.004297
0.004288
0.004278
0.004268
0.004258
0.004248
0.004239
0.004229
0.004220
0.004210
0.004200
0.004191
0.004182
0.004172
0.004163
0.004154
0.004144
0.004135
0.004126
0.004117
0.004108
0.004098
0.004089
0.004080
0.004071
0.004063
0.004054
0.004045
0.004036
0.004027
0.004018
0.004010
0.004001
0.003992
0.003984
0.003975
0.003967
0.003958
0.003950
0.003941
0.003933
0.003925
0.003916
0.003908
0.003900
0.003892
0.003883
0.003875
0.003867
0.003859
0.003851
0.003843
0.003835
0.003827
0.003819
0.003811
0.003803
0.003795
0.003788
0.003780
0.003772
0.003754
0.003750
0.003746
0.003742
0.003739
0.003735
0.003731
0.003727
0.003724
0.003720
0.003716
0.003712
0.003709
0.003705
0.003701
0.003697
0.003694
0.003690
0.003686
0.003683
0.003679
0.003675
0.003672
0.003668
0.003664
0.003661
0.003657
0.003653
0.003650
0.003646
0.003643
0.003639
0.003635
0.003632
0.003628
0.003625
0.003621
0.003618
0.003614
0.003610
0.003607
0.003603
0.003600
0.003596
0.003593
0.003589
0.003586
0.003582
0.003579
0.003575
0.003572
0.003568
0.003565
0.003561
0.003558
0.003555
0.003551
0.003548
0.003544
0.003541
0.003537
0.003534
0.003531
0.003527
0.003524
0.003520
0.003517
0.003514
0.003510
0.003507
0.003504
0.003500
0.003497
0.003494
0.003490
0.003487
0.003484
0.003480
0.003477
0.003474
0.003470
0.003467
0.003464
0.003461
0.003457
0.003454
0.003451
0.003448
0.003444
0.003441
0.003438
0.003435
0.003431
0.003428
0.003425
0.003422
0.003419
0.003415
0.003412
0.003409
0.003402
0.003400
0.003398
0.003397
0.003395
0.003394
0.003392
0.003391
0.003389
0.003387
0.003386
0.003384
0.003383
0.003381
0.003380
0.003378
0.003376
0.003375
0.003373
0.003372
0.003370
0.003369
0.003367
0.003366
0.003364
0.003362
0.003361
0.003359
0.003358
0.003356
0.003355
0.003353
0.003352
0.003350
0.003349
0.003347
0.003346
0.003344
0.003342
0.003341
0.003339
0.003338
0.003336
0.003335
0.003333
0.003332
0.003330
0.003329
0.003327
0.003326
0.003324
0.003323
0.003321
0.003320
0.003318
0.003317
0.003315
0.003314
0.003312
0.003311
0.003309
0.003308
0.003306
0.003305
0.003303
0.003302
0.003300
0.003299
0.003297
0.003296
0.003294
0.003293
0.003291
0.003290
0.003288
0.003287
0.003285
0.003284
0.003282
0.003281
0.003279
0.003278
0.003277
0.003275
0.003274
0.003272
0.003271
0.003269
0.003268
0.003266
0.003265
0.003263
0.003262
0.003260
0.003259
0.003258
0.003256
0.003255
0.003253
0.003252
0.003248
0.003248
0.003247
0.003246
0.003245
0.003245
0.003244
0.003243
0.003243
0.003242
0.003241
0.003240
0.003240
0.003239
0.003238
0.003237
0.003237
0.003236
0.003235
0.003235
0.003234
0.003233
0.003232
0.003232
0.003231
0.003230
0.003230
0.003229
0.003228
0.003227
0.003227
0.003226
0.003225
0.003225
0.003224
0.003223
0.003222
0.003222
0.003221
0.003220
0.003220
0.003219
0.003218
0.003217
0.003217
0.003216
0.003215
0.003215
0.003214
0.003213
0.003213
0.003212
0.003211
0.003210
0.003210
0.003209
0.003208
0.003208
0.003207
0.003206
0.003205
0.003205
0.003204
0.003203
0.003203
0.003202
0.003201
0.003201
0.003200
0.003199
0.003198
0.003198
0.003197
0.003196
0.003196
0.003195
0.003194
0.003194
0.003193
0.003192
0.003191
0.003191
0.003190
0.003189
0.003189
0.003188
0.003187
0.003187
0.003186
0.003185
0.003184
0.003184
0.003183
0.003182
0.003182
0.003181
0.003180
0.003180
0.003179
0.003178
0.003191
0.003185
0.003180
0.003174
0.003168
0.003163
0.003157
0.003152
0.003146
0.003141
0.003136
0.003130
0.003125
0.003119
0.003114
0.003109
0.003103
0.003098
0.003093
0.003087
0.003082
0.003077
0.003072
0.003066
0.003061
0.003056
0.003051
0.003046
0.003041
0.003035
0.003030
0.003025
0.003020
0.003015
0.003010
0.003005
0.003000
0.002995
0.002990
0.002985
0.002980
0.002975
0.002970
0.002966
0.002961
0.002956
0.002951
0.002946
0.002941
0.002937
0.002932
0.002927
0.002922
0.002917
0.002913
0.002908
0.002903
0.002899
0.002894
0.002889
0.002885
0.002880
0.002876
0.002871
0.002866
0.002862
0.002857
0.002853
0.002848
0.002844
0.002839
0.002835
0.002830
0.002826
0.002821
0.002817
0.002812
0.002808
0.002804
0.002799
0.002795
0.002791
0.002786
0.002782
0.002778
0.002773
0.002769
0.002765
0.002760
0.002756
0.002752
0.002748
0.002744
0.002739
0.002735
0.002731
0.002727
0.002723
0.002719
0.002714
0.002705
0.002703
0.002701
0.002699
0.002697
0.002695
0.002693
0.002691
0.002689
0.002687
0.002685
0.002683
0.002680
0.002678
0.002676
0.002674
0.002672
0.002671
0.002669
0.002667
0.002665
0.002663
0.002661
0.002659
0.002657
0.002655
0.002653
0.002651
0.002649
0.002647
0.002645
0.002643
0.002641
0.002639
0.002637
0.002635
0.002633
0.002631
0.002629
0.002627
0.002625
0.002624
0.002622
0.002620
0.002618
0.002616
0.002614
0.002612
0.002610
0.002608
0.002606
0.002604
0.002603
0.002601
0.002599
0.002597
0.002595
0.002593
0.002591
0.002589
0.002587
0.002586
0.002584
0.002582
0.002580
0.002578
0.002576
0.002574
0.002573
0.002571
0.002569
0.002567
0.002565
0.002563
0.002561
0.002560
0.002558
0.002556
0.002554
0.002552
0.002550
0.002549
0.002547
0.002545
0.002543
0.002541
0.002540
0.002538
0.002536
0.002534
0.002532
0.002531
0.002529
0.002527
0.002525
0.002523
0.002522
0.002520
0.002518
0.002516
0.002512
0.002511
0.002510
0.002509
0.002509
0.002508
0.002507
0.002506
0.002505
0.002504
0.002503
0.002502
0.002502
0.002501
0.002500
0.002499
0.002498
0.002497
0.002496
0.002495
0.002495
0.002494
0.002493
0.002492
0.002491
0.002490
0.002489
0.002488
0.002488
0.002487
0.002486
0.002485
0.002484
0.002483
0.002482
0.002482
0.002481
0.002480
0.002479
0.002478
0.002477
0.002476
0.002475
0.002475
0.002474
0.002473
0.002472
0.002471
0.002470
0.002469
0.002469
0.002468
0.002467
0.002466
0.002465
0.002464
0.002464
0.002463
0.002462
0.002461
0.002460
0.002459
0.002458
0.002458
0.002457
0.002456
0.002455
0.002454
0.002453
0.002452
0.002452
0.002451
0.002450
0.002449
0.002448
0.002447
0.002447
0.002446
0.002445
0.002444
0.002443
0.002442
0.002442
0.002441
0.002440
0.002439
0.002438
0.002437
0.002437
0.002436
0.002435
0.002434
0.002433
0.002432
0.002432
0.002431
0.002430
0.002429
0.002428
0.002427
0.002425
0.002425
0.002425
0.002424
0.002424
0.002423
0.002423
0.002423
0.002422
0.002422
0.002421
0.002421
0.002421
0.002420
0.002420
0.002419
0.002419
0.002418
0.002418
0.002418
0.002417
0.002417
0.002416
0.002416
0.002416
0.002415
0.002415
0.002414
0.002414
0.002414
0.002413
0.002413
0.002412
0.002412
0.002411
0.002411
0.002411
0.002410
0.002410
0.002409
0.002409
0.002409
0.002408
0.002408
0.002407
0.002407
0.002407
0.002406
0.002406
0.002405
0.002405
0.002405
0.002404
0.002404
0.002403
0.002403
0.002403
0.002402
0.002402
0.002401
0.002401
0.002401
0.002400
0.002400
0.002399
0.002399
0.002398
0.002398
0.002398
0.002397
0.002397
0.002396
0.002396
0.002396
0.002395
0.002395
0.002394
0.002394
0.002394
0.002393
0.002393
0.002392
0.002392
0.002392
0.002391
0.002391
0.002390
0.002390
0.002390
0.002389
0.002389
0.002388
0.002388
0.002388
0.002387
0.002387
0.002386
0.002386
0.002386
0.002385
